       labels        P           R       mAP.05     mAP.05:.95
all    1016       0.953       0.961       0.982       0.732
0        66       0.987       0.939       0.995       0.766
1        36           1       0.778        0.95       0.597
2        47       0.999       0.979       0.989       0.739
3        47       0.981           1       0.996       0.768
4        70       0.996           1       0.996       0.785
5        52        0.97           1       0.984       0.747
6        60       0.994           1       0.996       0.782
7        52       0.952           1       0.995       0.744
8        68       0.995           1       0.996       0.791
9        68       0.954       0.941       0.954       0.653
A        40       0.995           1       0.996       0.762
B        33       0.963           1       0.995       0.757
C        11       0.943           1       0.995        0.76
D        16       0.857       0.938        0.97       0.668
E        17       0.991       0.941       0.945       0.726
F        14       0.929       0.928       0.981       0.691
G        44       0.991           1       0.996       0.849
H        37       0.987           1       0.996       0.779
I        12           1       0.726       0.954       0.637
J        13       0.905           1       0.995       0.684
K         8       0.948           1       0.995       0.776
L        21           1       0.808       0.928       0.551
M        12       0.955           1       0.995       0.761
N        18       0.998           1       0.995       0.781
O        14       0.648       0.929       0.878       0.659
P        18       0.884       0.944       0.958       0.692
Q        13       0.961           1       0.995       0.728
R        14       0.968           1       0.995       0.725
S        17        0.84       0.882       0.963       0.643
T        11           1       0.893       0.995        0.76
U        11       0.963           1       0.995       0.622
V        16       0.969           1       0.996       0.811
W        12       0.909           1       0.996       0.733
X         8       0.898           1       0.995       0.831
Y         7           1       0.961       0.995       0.783
Z        13       0.975           1       0.996       0.795


all     1016       0.954       0.977       0.984       0.745
0         66       0.977       0.985        0.99       0.785
1         36           1       0.889       0.963       0.618
2         47           1        0.98       0.996       0.757
3         47       0.962           1       0.995       0.739
4         70       0.991           1       0.996       0.789
5         52       0.976           1       0.982       0.743
6         60       0.987           1       0.996       0.777
7         52       0.941           1       0.981       0.736
8         68       0.983           1       0.996       0.808
9         68        0.97       0.956       0.987       0.653
A         40       0.996           1       0.996       0.791
B         33       0.967           1       0.996       0.773
C         11       0.957           1       0.995       0.763
D         16       0.913       0.938       0.989        0.71
E         17       0.978       0.941       0.945       0.725
F         14       0.962           1       0.995       0.678
G         44       0.975           1       0.996       0.847
H         37       0.983           1       0.996       0.777
I         12           1       0.846       0.989       0.644
J         13       0.818           1       0.937       0.696
K          8       0.951           1       0.996        0.78
L         21           1       0.879       0.935       0.616
M         12       0.962           1       0.996       0.812
N         18       0.953           1       0.996       0.789
O         14       0.743           1       0.913       0.672
P         18       0.943       0.919       0.975       0.693
Q         13       0.901           1       0.995       0.777
R         14       0.964           1       0.995        0.74
S         17       0.849           1       0.969       0.633
T         11           1       0.856       0.982       0.799
U         11       0.961           1       0.995       0.675
V         16       0.944           1       0.996        0.84
W         12       0.964           1       0.996       0.754
X          8       0.943           1       0.995       0.867
Y          7       0.939           1       0.995       0.785
Z         13       0.976           1       0.996       0.793


                    HUGE DATASET

all      3190       20112       0.934       0.917       0.957       0.623
0        3190         675       0.852       0.818       0.896       0.572
1        3190        1036       0.938       0.871       0.955       0.624
2        3190         461        0.79       0.848       0.884       0.557
3        3190         514       0.846       0.867        0.92       0.596
4        3190         413       0.876       0.824       0.898       0.599
5        3190         788       0.902        0.89        0.95       0.608
6        3190        1059       0.892       0.962        0.98       0.655
7        3190         894       0.949       0.961       0.989       0.627
8        3190         821       0.954       0.941       0.983       0.651
9        3190         553       0.942       0.976       0.989       0.638
A        3190         723       0.904        0.77       0.861       0.539
B        3190         508       0.836       0.913       0.931       0.615
C        3190         452       0.945       0.945       0.983       0.624
D        3190         363       0.829       0.922       0.928       0.636
E        3190         616       0.983       0.933       0.987       0.667
F        3190         641       0.984        0.96       0.988       0.632
G        3190         370       0.975       0.927       0.974        0.64
H        3190         963       0.981       0.983        0.99       0.683
I        3190         541       0.965       0.835       0.928       0.582
J        3190         366       0.971       0.932       0.984        0.61
K        3190         718       0.986       0.966        0.99       0.663
L        3190         357       0.969       0.877       0.972       0.562
M        3190         287       0.967       0.962       0.985       0.637
N        3190         479       0.968       0.945       0.982       0.664
O        3190         275       0.805       0.647        0.73       0.456
P        3190         818       0.908       0.969       0.978       0.629
Q        3190         732       0.987       0.964       0.992       0.695
R        3190         407       0.992       0.935       0.975       0.634
S        3190         476       0.964       0.965       0.985       0.633
T        3190         482       0.926        0.93        0.97       0.589
U        3190         374       0.987       0.979       0.992       0.659
V        3190         359        0.98       0.975       0.992       0.662
W        3190         304       0.973       0.947       0.982       0.659
X        3190         287       0.964       0.965       0.969       0.606
Y        3190         529       0.992       0.973       0.993       0.668
Z        3190         471       0.955       0.932       0.983       0.644
    
                    SMALL SELECTED DATASET

all       160        1122       0.964        0.96       0.979       0.739
0         160          85       0.971       0.918       0.984       0.752
1         160          62       0.918        0.72       0.906       0.497
2         160          66       0.941       0.967       0.983       0.726
3         160          52       0.992       0.981       0.985       0.767
4         160          60       0.991           1       0.995       0.781
5         160          62       0.983       0.968       0.984       0.742
6         160          54       0.984       0.981       0.995       0.791
7         160          40        0.99           1       0.995       0.737
8         160          72           1        0.97       0.996        0.77
9         160          63       0.944       0.952       0.982       0.747
A         160          50       0.992           1       0.996       0.767
B         160          31       0.953       0.968       0.961       0.793
C         160          18        0.98       0.944       0.985       0.706
D         160          26        0.89       0.885       0.946       0.707
E         160          19       0.931       0.895       0.895       0.667
F         160          16       0.988           1       0.995       0.682
G         160          37           1       0.987       0.996       0.808
H         160          28       0.986           1       0.996         0.8
I         160          18           1       0.762       0.981       0.652
J         160          19       0.985           1       0.995       0.717
K         160          12       0.959           1       0.996       0.712
L         160          25       0.965           1       0.995       0.607
M         160          12       0.967           1       0.995       0.799
N         160          11       0.967           1       0.995       0.792
O         160          16       0.736       0.875       0.803       0.648
P         160          19           1       0.918       0.995       0.749
Q         160          15       0.973           1       0.995       0.805
R         160          24       0.945       0.917       0.951       0.753
S         160          17           1       0.997       0.995       0.723
T         160          13        0.97           1       0.995       0.739
U         160          14       0.967           1       0.995       0.675
V         160          24       0.997           1       0.996       0.803
W         160          10       0.934           1       0.995        0.77
X         160          10           1       0.956       0.996       0.762
Y         160          15        0.96           1       0.996       0.778
Z         160           7       0.951           1       0.995       0.866